test5: 0.4181130000000053
test8: 1.1877259999999978
test9: 1.1				326.7 - 325.6

